0.638
0.655
0.734
0.625
0.6679999999999999
0.6759999999999999
0.618
0.705
0.608
0.643
0.6669999999999999
0.6809999999999999
0.714
0.671
0.616
0.652
0.615
0.611
0.603
0.603
0.6539999999999999
0.601
0.678
0.603
0.597
0.603
0.637
0.6759999999999999
0.631
0.767
0.644
0.6819999999999999
0.631
0.6920000000000001
0.707
0.7649999999999999
0.639
0.652
0.623
0.634
0.662
0.8059999999999999
0.749
0.634
0.67
0.669
0.664
0.6579999999999999
0.616
0.637
0.669
0.718
0.665
0.63
0.638
0.694
0.683
0.7290000000000001
0.619
0.653
0.632
0.603
0.603
0.6980000000000001
0.633
0.601
0.744
0.714
0.732
0.623
0.639
0.6579999999999999
0.6859999999999999
0.657
0.619
0.631
0.6040000000000001
0.65
0.631
0.6880000000000001
0.6589999999999999
0.594
0.6
0.684
0.603
0.6
0.603
0.705
0.602
0.606
0.6679999999999999
0.633
0.606
0.617
0.69
0.626
0.622
0.611
0.6
0.605
